750
1
28
94 95
31 32
27 30
66 67
15 18
48
0 2
62
3
16
114 115
19
4
7
6 8
77
25
20 26
34
49 51
10 12
64 65
78
40 44
91 93
50
29
39
71 72
118 119
9
22
46 47
98
23
105 108
5
52 53
121
35
70
11
13
14
43
59 61
45
81
17
76 79
92
84 85
90
24
99 101
129 130
111
80 82
38
21
131 133
42
102 104
56
87
63
103
33
36 37
68 69
96 97
74
100
86 88
41
106
54 55
109
57 58
125
89
126 128
60
75
73
135
83
120
123 124
107
113
110
112
132
116 117
122
127
136
134 137
141
151 152
179
191 195
161 162
231 234
153 155
225
138 143
180 182
171 172
168 169
181
238 242
198 199
173 175
145
200 204
259 262
148
243 244
211
183 185
216
158 160
147 150
202
246 248
218 221
241
266 269
270 271
265
154
144 146
252 253
159
156 157
163 165
263 264
247
255
176
164
196
223 224
261
236 237
256 257
166
219
174
201
189
139
140
142
178
184
187
206 207
212
226 227
228
149
167
208
203
170
268
188 190
249 250
197
193
205
251
222
213
177
186
192
194
209
214 215
239
233
230
210
245
217
229
232
220
235
240
254
258
260
267
272
301
324 327
386 388
286
393
300
372 373
285 288
287
390 392
289 290
273 280
382 383
297 304
384 385
356
334
275
339 341
281
335 336
330 331
394 395
274
309
283
284
306 307
342
314
346
353 355
291 295
337 338
320
298
333
296
278
299
276
294
279
316
311
277
361
317
310 318
293
282
303
313
323
305
375 376
364
302
367
312
357
351
348
321 322
329
347
292
308
358
365 366
315
332
387
345 350
370
328
343 344
368 371
319
349
359 363
325
352
381
397
360
362
326
340
354
369
374
377
378
379
389
380
391
396
398 399
481 482
409 410
413 414
416
422 424
510 511
401 402
421
404
525 527
403 405
470 471
464 465
423
512 513
452 454
474 475
490 492
407 408
400
457
415 417
450
435
418 419
428 432
501 503
411
412
425
433
426 427
434 437
406
446
440
468
484 487
436
441
442
420
438 443
493
459 461
488
463
444 445
496 498
460
439
466 469
430
507
494 495
497
523 524
447 449
448
516
521 522
504
476 478
517 518
500
429
455 458
431
508
451
467
456
483
453
509
515
462
472
473
477
479
489
514
480
485
499
532
486
491
502
528 529
505
506
519
520
530
526
531
533
534 535
609 612
579 580
537 542
564 566
581 582
568 571
637 643
553 558
562 563
615 617
540
543 544
629
626
657 659
545 547
539
589 590
628 630
635 636
550
556
583 585
588
645
569
597
606
618 619
572 573
557
644
536
567
596
541
551
662 664
586 587
548 552
575
549
654
591
605
599 600
538
570
594
546
574
555
561
647
616
611
554
559
620 622
665 666
565
584
631 632
577 578
604
663
627
602
614
592
648
649
655
660 661
593
601 603
595 598
607 608
624 625
650
641
560
576
623
610
646
613
633 634
652
640
621
656
651 653
638
639
642
658
667
669
668 670
762 763
720 721
695 696
671
701 703
675 676
705 709
735 737
706
686 689
672
708
679
693
678
697 698
681 683
716 717
728
732
749 750
702
684 685
680
742
712
723
710 711
740 744
770 773
745
707
726 731
725
759 760
797 798
690
729
746
682
727
724
714 715
688
736
730
673 674
718
719
765 769
692
687
757
751 752
782 783
795 796
699 700
766
756
677
691
771
704
743
741
755
753 758
738
786
713
764
694
722
754
779
739
778
733
772
734
747
748
775
761
768
777
767
774 781
788 789
799
776
793 794
792
787
780
784
785
790
791
800 801
808 810
813 814
820
864
827
804
871 872
846 847
830
837 838
882 883
816 817
802
831
832 833
803
866 868
860
891 892
821
921
809
805 806
894 897
825 828
812
853 856
850
899
890
811
840 841
929 930
880
922
879 881
857 858
873 876
836
912 915
884 885
834 835
908
898 901
927 928
815
925
807
839
823
844
852
878
829
867
859
818 824
851
843
822
819
886
904 909
849
861 862
854
926
889
923
826
910 911
845
848
842
855
863
887
869
931
905
919 920
896
916 918
865
902 903
877
913
870
874
875
888
893
895
900
906
924
914
907
917
933
937 940
982 984
945 946
935
938
967 968
951
936
939
954
972
956 957
973 974
932 934
947 949
969
985 988
998
997
993 995
977 979
941 943
958 960
961 965
955
994
944
942
962
952 953
963
980 981
959
948
986
970
992
990 991
950
964
966
983
971
978
996 999
975
976
987
989
